766632016	Doubt	179	190
766632016	Appeal_to_fear-prejudice	455	470
766632016	Appeal_to_fear-prejudice	488	515
766632016	Exaggeration,Minimisation	3594	3609
766632016	Repetition	3475	3482
766632016	Repetition	3695	3702
766632016	Doubt	3742	3775
766632016	Repetition	3655	3670
766632016	Repetition	4062	4076
766632016	Straw_Men	3858	3903
766632016	Appeal_to_fear-prejudice	4525	4596
766632016	Loaded_Language	4972	4983
766632016	Loaded_Language	1925	1953
766632016	Repetition	3796	3808
766632016	Repetition	2663	2674
766632016	Repetition	4196	4208
766632016	Repetition	4238	4248
766632016	Repetition	4253	4264
766632016	Repetition	4332	4343
766632016	Repetition	4431	4441
766632016	Repetition	4546	4558
766632016	Repetition	4641	4653
766632016	Repetition	4718	4729
766632016	Repetition	4777	4788
766632016	Repetition	4859	4871
766632016	Repetition	4894	4905
766632016	Repetition	5133	5144
