700461600	Exaggeration,Minimisation	717	761
700461600	Whataboutism	1547	1747
700461600	Black-and-White_Fallacy	2352	2498
700461600	Doubt	2805	2869
700461600	Flag-Waving	2726	2789
700461600	Black-and-White_Fallacy	3073	3132
700461600	Name_Calling,Labeling	3549	3559
700461600	Flag-Waving	3963	4082
700461600	Appeal_to_fear-prejudice	4210	4441
700461600	Doubt	1551	1562
700461600	Doubt	1613	1620
700461600	Appeal_to_fear-prejudice	2400	2498
700461600	Doubt	2318	2351
700461600	Appeal_to_fear-prejudice	3073	3257
700461600	Name_Calling,Labeling	4510	4530
700461600	Reductio_ad_hitlerum	4657	4710
