723537899	Flag-Waving	2302	2343
723537899	Doubt	3125	3183
723537899	Loaded_Language	1917	1925
723537899	Appeal_to_fear-prejudice	3463	3515
723537899	Doubt	4586	4692
723537899	Appeal_to_fear-prejudice	766	779
723537899	Name_Calling,Labeling	436	449
723537899	Name_Calling,Labeling	1100	1113
723537899	Name_Calling,Labeling	1174	1185
723537899	Loaded_Language	1264	1323
723537899	Loaded_Language	1350	1391
723537899	Doubt	1491	1629
723537899	Causal_Oversimplification	2228	2302
723537899	Doubt	2302	2343
723537899	Appeal_to_fear-prejudice	2474	2687
723537899	Appeal_to_fear-prejudice	817	872
723537899	Doubt	1392	1437
723537899	Doubt	1934	1979
