999000675	Repetition	225	242
999000675	Slogans	44	92
999000675	Slogans	225	241
999000675	Slogans	544	560
999000675	Repetition	544	560
999000675	Repetition	893	904
999000675	Slogans	1019	1040
999000675	Slogans	1205	1221
999000675	Exaggeration,Minimisation	1241	1275
999000675	Doubt	1241	1275
999000675	Loaded_Language	1731	1739
999000675	Loaded_Language	1819	1849
999000675	Loaded_Language	1968	1988
999000675	Loaded_Language	44	60
999000675	Loaded_Language	225	241
999000675	Loaded_Language	544	560
999000675	Loaded_Language	1205	1221
