728972961	Loaded_Language	4679	4735
728972961	Repetition	4852	4878
728972961	Repetition	4757	4779
728972961	Black-and-White_Fallacy	8558	8706
728972961	Repetition	10317	10329
728972961	Repetition	10257	10269
728972961	Repetition	10157	10169
728972961	Repetition	14308	14336
728972961	Repetition	16330	16350
728972961	Repetition	21472	21486
728972961	Appeal_to_fear-prejudice	25147	25203
728972961	Appeal_to_fear-prejudice	29700	29758
728972961	Slogans	1400	1452
728972961	Loaded_Language	1692	1733
728972961	Loaded_Language	3486	3522
728972961	Repetition	4910	4936
728972961	Loaded_Language	5126	5152
728972961	Loaded_Language	9021	9032
728972961	Appeal_to_Authority	8744	8930
728972961	Repetition	10381	10393
728972961	Repetition	10646	10670
728972961	Loaded_Language	10646	10670
728972961	Causal_Oversimplification	11014	11182
728972961	Loaded_Language	12301	12320
728972961	Loaded_Language	13047	13075
728972961	Black-and-White_Fallacy	15155	15275
728972961	Repetition	19505	19516
728972961	Name_Calling,Labeling	20640	20668
728972961	Loaded_Language	21472	21486
728972961	Loaded_Language	21257	21271
728972961	Loaded_Language	23063	23084
728972961	Loaded_Language	23852	23867
728972961	Repetition	19826	19842
728972961	Loaded_Language	24223	24266
728972961	Doubt	26467	26506
728972961	Appeal_to_fear-prejudice	27636	27699
728972961	Loaded_Language	154	169
728972961	Name_Calling,Labeling	762	781
728972961	Loaded_Language	762	781
728972961	Appeal_to_fear-prejudice	5422	5563
728972961	Repetition	7402	7433
728972961	Loaded_Language	9033	9073
728972961	Repetition	10921	10947
728972961	Flag-Waving	12446	12519
728972961	Appeal_to_fear-prejudice	12770	12902
728972961	Appeal_to_fear-prejudice	14336	14489
728972961	Repetition	15033	15043
728972961	Repetition	15556	15636
728972961	Repetition	15667	15687
728972961	Repetition	15735	15748
728972961	Repetition	16460	16472
728972961	Repetition	16699	16716
728972961	Repetition	17455	17472
728972961	Repetition	17779	17790
728972961	Repetition	18033	18041
728972961	Repetition	18773	18795
728972961	Exaggeration,Minimisation	18773	18795
728972961	Doubt	19864	20009
728972961	Repetition	20026	20038
728972961	Repetition	20061	20074
728972961	Repetition	20344	20356
728972961	Repetition	20775	20802
728972961	Repetition	20938	20952
728972961	Repetition	21005	21013
728972961	Repetition	22844	22857
728972961	Appeal_to_fear-prejudice	23221	23282
728972961	Loaded_Language	23956	23965
728972961	Repetition	23995	24012
728972961	Repetition	24239	24249
728972961	Repetition	24384	24401
728972961	Repetition	25136	25145
728972961	Repetition	27300	27320
728972961	Repetition	29873	29894
728972961	Repetition	29921	29944
728972961	Thought-terminating_Cliches	29968	29998
