780414700	Repetition	2944	2954
780414700	Repetition	2964	2974
780414700	Repetition	3011	3021
780414700	Repetition	3051	3061
780414700	Loaded_Language	8867	8878
780414700	Repetition	3177	3187
780414700	Loaded_Language	7243	7257
780414700	Name_Calling,Labeling	728	735
780414700	Slogans	866	887
780414700	Name_Calling,Labeling	1306	1325
780414700	Loaded_Language	1586	1596
780414700	Slogans	2286	2330
780414700	Loaded_Language	3254	3261
780414700	Loaded_Language	2997	3004
780414700	Loaded_Language	3485	3494
780414700	Loaded_Language	4434	4438
780414700	Loaded_Language	8883	8903
780414700	Loaded_Language	8935	8944
780414700	Loaded_Language	9663	9717
780414700	Loaded_Language	9794	9804
780414700	Loaded_Language	9815	9842
780414700	Loaded_Language	13309	13331
780414700	Loaded_Language	13520	13530
780414700	Repetition	13333	13358
780414700	Repetition	14442	14467
780414700	Loaded_Language	14823	14844
780414700	Loaded_Language	1370	1385
780414700	Loaded_Language	1817	1846
780414700	Name_Calling,Labeling	2207	2225
780414700	Repetition	16466	16470
780414700	Repetition	16519	16523
780414700	Repetition	16549	16553
