7625464289	Loaded_Language	965	972
7625464289	Repetition	333	341
7625464289	Repetition	973	981
7625464289	Repetition	1158	1166
7625464289	Repetition	2153	2161
7625464289	Exaggeration,Minimisation	692	700
7625464289	Loaded_Language	1172	1180
7625464289	Loaded_Language	1230	1239
7625464289	Loaded_Language	1391	1398
7625464289	Causal_Oversimplification	2652	2714
7625464289	Exaggeration,Minimisation	2890	2943
7625464289	Loaded_Language	3326	3341
7625464289	Name_Calling,Labeling	185	211
7625464289	Repetition	1301	1315
7625464289	Repetition	2580	2594
7625464289	Loaded_Language	277	280
7625464289	Loaded_Language	371	383
7625464289	Repetition	1247	1265
7625464289	Repetition	1284	1296
