721406153	Name_Calling,Labeling	97	129
721406153	Doubt	3079	3218
721406153	Repetition	4102	4106
721406153	Repetition	5473	5478
721406153	Repetition	5502	5506
721406153	Repetition	5942	5948
721406153	Loaded_Language	0	35
721406153	Loaded_Language	97	129
721406153	Loaded_Language	294	468
721406153	Loaded_Language	1123	1151
721406153	Thought-terminating_Cliches	1123	1151
721406153	Loaded_Language	1264	1282
721406153	Loaded_Language	1465	1488
721406153	Loaded_Language	1992	2021
721406153	Black-and-White_Fallacy	2022	2211
721406153	Loaded_Language	2530	2575
721406153	Causal_Oversimplification	2893	3219
721406153	Loaded_Language	5339	5441
721406153	Appeal_to_fear-prejudice	5787	5926
721406153	Loaded_Language	5927	6037
721406153	Loaded_Language	5115	5140
