701553469	Appeal_to_fear-prejudice	4177	4280
701553469	Loaded_Language	31	42
701553469	Slogans	77	143
701553469	Loaded_Language	351	362
701553469	Name_Calling,Labeling	1716	1745
701553469	Name_Calling,Labeling	1864	1888
701553469	Exaggeration,Minimisation	3139	3159
701553469	Slogans	3455	3476
701553469	Name_Calling,Labeling	3695	3715
701553469	Loaded_Language	3898	3917
701553469	Causal_Oversimplification	1983	2143
701553469	Loaded_Language	288	302
701553469	Doubt	2486	2651
701553469	Doubt	2666	2781
701553469	Loaded_Language	3139	3159
