729578579	Doubt	645	742
729578579	Thought-terminating_Cliches	6851	6899
729578579	Thought-terminating_Cliches	16495	16517
729578579	Doubt	18426	18473
729578579	Repetition	21886	21905
729578579	Name_Calling,Labeling	225	260
729578579	Name_Calling,Labeling	368	403
729578579	Loaded_Language	604	636
729578579	Doubt	1794	1862
729578579	Appeal_to_Authority	3538	3672
729578579	Name_Calling,Labeling	6929	6946
729578579	Name_Calling,Labeling	7133	7153
729578579	Thought-terminating_Cliches	7731	7745
729578579	Loaded_Language	13378	13405
729578579	Name_Calling,Labeling	14278	14294
729578579	Thought-terminating_Cliches	16987	17003
729578579	Name_Calling,Labeling	18429	18448
729578579	Loaded_Language	18738	18761
729578579	Loaded_Language	18932	18958
729578579	Loaded_Language	19546	19578
729578579	Loaded_Language	21375	21389
729578579	Loaded_Language	21538	21553
729578579	Name_Calling,Labeling	21766	21786
729578579	Name_Calling,Labeling	21886	21905
729578579	Name_Calling,Labeling	22024	22037
729578579	Loaded_Language	22774	22811
729578579	Appeal_to_fear-prejudice	23321	23415
729578579	Loaded_Language	23700	23715
729578579	Loaded_Language	23757	23780
729578579	Loaded_Language	23823	23868
729578579	Loaded_Language	24443	24488
729578579	Loaded_Language	421	428
729578579	Loaded_Language	509	513
729578579	Loaded_Language	1090	1107
729578579	Repetition	6046	6058
729578579	Thought-terminating_Cliches	7201	7218
729578579	Loaded_Language	8306	8315
729578579	Loaded_Language	8907	8922
729578579	Exaggeration,Minimisation	9194	9218
729578579	Name_Calling,Labeling	13405	13432
729578579	Loaded_Language	13500	13508
729578579	Loaded_Language	13997	14021
729578579	Loaded_Language	14627	14645
729578579	Loaded_Language	14809	14823
729578579	Appeal_to_fear-prejudice	15614	15630
729578579	Loaded_Language	17741	17759
729578579	Loaded_Language	18366	18387
729578579	Appeal_to_Authority	18656	18706
729578579	Loaded_Language	19054	19074
729578579	Loaded_Language	19377	19401
729578579	Loaded_Language	19466	19544
729578579	Loaded_Language	21304	21338
729578579	Appeal_to_fear-prejudice	22303	22521
729578579	Name_Calling,Labeling	22719	22753
729578579	Loaded_Language	24898	24906
729578579	Loaded_Language	25127	25146
729578579	Doubt	26581	26625
