7384471099	Flag-Waving	4980	5034
7384471099	Flag-Waving	5125	5179
7384471099	Doubt	3460	3484
7384471099	Thought-terminating_Cliches	6236	6332
7384471099	Slogans	0	17
7384471099	Slogans	102	119
7384471099	Doubt	303	617
7384471099	Loaded_Language	324	357
7384471099	Exaggeration,Minimisation	733	759
7384471099	Exaggeration,Minimisation	1000	1026
7384471099	Loaded_Language	1830	1849
7384471099	Name_Calling,Labeling	2353	2374
7384471099	Exaggeration,Minimisation	5058	5122
7384471099	Appeal_to_Authority	5908	6207
7384471099	Doubt	4450	4649
7384471099	Doubt	4682	4881
7384471099	Causal_Oversimplification	5036	5122
7384471099	Causal_Oversimplification	5181	5267
7384471099	Appeal_to_fear-prejudice	6236	6332
