711964584	Doubt	1822	1872
711964584	Doubt	1872	1944
711964584	Whataboutism	2918	3006
711964584	Appeal_to_fear-prejudice	293	374
711964584	Reductio_ad_hitlerum	293	374
711964584	Loaded_Language	494	558
711964584	Loaded_Language	566	632
711964584	Flag-Waving	566	632
711964584	Loaded_Language	757	769
711964584	Loaded_Language	982	1032
711964584	Causal_Oversimplification	2543	2678
711964584	Loaded_Language	3240	3276
711964584	Black-and-White_Fallacy	3289	3381
711964584	Flag-Waving	4087	4114
711964584	Loaded_Language	4179	4199
711964584	Flag-Waving	4211	4352
