7646642839	Name_Calling,Labeling	0	34
7646642839	Causal_Oversimplification	125	303
7646642839	Doubt	1636	1722
7646642839	Doubt	2666	2747
7646642839	Doubt	2749	2895
7646642839	Doubt	3624	3714
7646642839	Doubt	6960	7008
7646642839	Name_Calling,Labeling	7337	7367
7646642839	Loaded_Language	451	476
7646642839	Doubt	591	698
7646642839	Doubt	872	960
7646642839	Exaggeration,Minimisation	1092	1128
7646642839	Loaded_Language	1184	1205
7646642839	Name_Calling,Labeling	1364	1384
7646642839	Exaggeration,Minimisation	2250	2287
7646642839	Doubt	2150	2287
7646642839	Name_Calling,Labeling	3497	3520
7646642839	Whataboutism	3535	3591
7646642839	Loaded_Language	3743	3756
7646642839	Loaded_Language	3925	3947
7646642839	Exaggeration,Minimisation	4063	4098
7646642839	Loaded_Language	4110	4131
7646642839	Doubt	4314	4389
7646642839	Loaded_Language	5538	5571
7646642839	Loaded_Language	5580	5597
7646642839	Exaggeration,Minimisation	5611	5632
7646642839	Exaggeration,Minimisation	5776	5807
7646642839	Reductio_ad_hitlerum	5825	5895
7646642839	Loaded_Language	6058	6108
7646642839	Doubt	7229	7292
7646642839	Loaded_Language	7568	7636
7646642839	Causal_Oversimplification	7720	7854
7646642839	Name_Calling,Labeling	468	476
7646642839	Doubt	1481	1634
7646642839	Doubt	1928	1964
7646642839	Causal_Oversimplification	2529	2664
7646642839	Doubt	5676	5823
7646642839	Loaded_Language	7236	7279
