732610971	Name_Calling,Labeling	1703	1715
732610971	Slogans	433	472
732610971	Slogans	2014	2024
732610971	Name_Calling,Labeling	2167	2179
732610971	Reductio_ad_hitlerum	2297	2361
732610971	Repetition	200	223
732610971	Repetition	295	312
732610971	Flag-Waving	433	471
732610971	Flag-Waving	1386	1457
732610971	Repetition	1774	1789
732610971	Name_Calling,Labeling	1774	1789
732610971	Black-and-White_Fallacy	3359	3446
732610971	Appeal_to_fear-prejudice	543	636
732610971	Flag-Waving	1317	1359
732610971	Flag-Waving	1649	1678
732610971	Loaded_Language	2211	2217
732610971	Name_Calling,Labeling	2246	2259
732610971	Loaded_Language	2246	2259
