697454736	Whataboutism	8030	8056
697454736	Straw_Men	599	752
697454736	Appeal_to_Authority	3216	3400
697454736	Doubt	4856	5045
697454736	Appeal_to_fear-prejudice	7080	7178
697454736	Thought-terminating_Cliches	7417	7446
697454736	Loaded_Language	8140	8197
697454736	Straw_Men	8793	8976
697454736	Appeal_to_Authority	9555	9693
697454736	Black-and-White_Fallacy	10671	10952
697454736	Loaded_Language	11963	12027
697454736	Loaded_Language	12492	12645
697454736	Doubt	12874	13040
697454736	Loaded_Language	7761	7777
697454736	Name_Calling,Labeling	10597	10632
