111111122	Loaded_Language	24	49
111111122	Exaggeration,Minimisation	170	206
111111122	Loaded_Language	343	357
111111122	Doubt	449	478
111111122	Doubt	888	956
111111122	Name_Calling,Labeling	902	920
111111122	Doubt	1475	1522
111111122	Loaded_Language	1636	1656
111111122	Loaded_Language	3210	3224
111111122	Doubt	3413	3440
111111122	Exaggeration,Minimisation	3489	3520
111111122	Doubt	3991	4047
111111122	Loaded_Language	4449	4469
111111122	Name_Calling,Labeling	5027	5060
111111122	Loaded_Language	5131	5141
111111122	Appeal_to_Authority	5529	5653
111111122	Loaded_Language	5778	5798
111111122	Causal_Oversimplification	5840	5921
111111122	Loaded_Language	5950	5981
111111122	Loaded_Language	6441	6452
111111122	Name_Calling,Labeling	6839	6868
